494301276121731072
494327833263874048
494463913853874176
494796534068674560
494829977268146176
495010606047821824
495017350790668289
495123711071387649
495525926722367488
495805012929708033
497136108463865857
497139824780787712
497141925451792384
497161697371893760
497242468627124224
497474058641215489
497485019451883520
498526651912032258
498546619508609024
498600191088271361
498638581536399361
498641690949713920
498643083517767681
498648204872015872
498746062224375809
498854240069373953
498919835905327104
498956302807498752
499104320717996032
499691919128018944
499804424827457538
499826521846972416
499943241962487808
500035862709948417
500549350234554368
500685725482770433
501433457286053889
501490224640573440
501732075599593472
501752547083059200
502103720327671808
503088287381082112
503505143284117505
503508088964800513
503608708635844608
504042718663036928
504366068648148992
504850389129129984
504998704118394880
506695122298212352
507504670592356352
507610683022643200
507905858265960448
507919904779948032
508042249457139712
508160260478345216
508961106849574912
509046359354511360
509083951655174144
509100730960314368
509131102796414976
509142523403862017
509160710316650496
509208349511262208
509223264921878528
509224131880300544
509293535221145601
509432328561885184
510001639617351681
511340405753786369
511616761545121792
511851013155090432
511878619149635584
512006361937616896
512016186654326784
512017939579432960
512537797442273280
512768543989825541
513019810272137216
513123960192794624
513212132176175105
514175192319680513
517204809452380161
517224429378490368
517568253363634176
517603456123944960
517609652138569728
517992573227778048
518412519053221888
518546395729379328
518708677113438208
519137345065320448
519240969838166016
519245102263574528
519264703466315776
519370037812277248
519387709392314368
519393743326441472
519395800687083520
519401695307390976
519554920140124160
519900708980948992
520108975946473473
520483074711486464
520490218210594817
520499948983304192
520513908759859200
520694218625675264
520703128484974592
521063203389050882
521358835361927168
521700184376770560
521738184288251906
521768704259162112
522926675542421504
523431319012139009
523536371525623808
524878421172953088
525880451999617025
527207598521843712
527210275955818496
527311291191263232
527591945795690496
527780384159703040
528210205746532352
528777132097298433
528826156708278272
528877062564503552
529071458085900288
529085805034094593
529166911674671104
529236028171620353
529319778377166848
529737265317421056
529740815221153793
529909835525939202
529938272265703424
530135697877766146
530194842861580288
530218899833241600
530728667891380225
531933519153360896
532101195737735168
532245571721912320
532513756039770112
532513757776183296
532541340023017473
532807839664730113
533166195508117505
533211918698553344
533272996883210240
533345881412878336
533407970244456448
533802222975344640
533830044200599552
533912579676975104
534007858804056066
534294668842766337
534323907642142720
534644762553229312
534896855906537472
535211715454332929
535234909267578880
535323782999977985
535750936824528896
535750956848140288
535751324143341568
535754365856776193
535786478451048448
536050657384333312
536338799517634560
536361968840769536
536372518622212096
536414184204800001
536689861890035712
536830333530804225
536843974086897664
536910791295778816
536957598252417024
537546537975685120
537578272348205056
537578565139582976
537896255347646465
538351189679939584
538622557084082176
538650662780022784
538674754086244353
538727466139803648
538736663154135040
538818433920827392
538858836992331776
538959622858883072
540747270207991808
540776934658277377
540815358715002880
540871484869472256
540907891566575616
541174080833978368
541450804008218624
541965663666184192
542093659286429696
542716499115642881
542806015075713026
543357722591514624
543714486801018882
544020486527528960
544508576757477376
544546124984762370
544574124832468992
544578399596187648
544615900180393984
544711019629907968
544762159172186112
544769671799394304
544778834508136448
544793457190268928
544801968703557632
544806009018265601
544813894037147648
545012520793436160
545169541052243968
545215683404267523
545381752093806593
545394272619331584
545488523856338944
545590349045833728
546829406539243520
546846288554500096
546954418067738625
546995440701296643
547033780322455552
547052080943214593
547052404026249217
547131830642569216
547288951820521472
547333815882887168
547361002212188160
547368132457689088
547370588755755008
547431547935412224
547601049230782464
547603292180578305
547610562692009985
547621920103862272
547636294059184128
547637054578769920
547652103607697408
547694551637700608
547937617547771905
548131100095442945
548325093256884224
548367743385624577
548492147645640704
548786999432605696
549031298929786880
549142719973445632
549750044099088384
549835920762220544
549858427787153410
549859905231142914
549861279825817601
550113498571616256
550823263941574657
550867696435200000
550870336418234368
550963305326862336
550981789649735680
550997963590610944
551059868657152002
551099005388599297
551164779646038017
551184362054500352
551339874838908928
551476214402387968
551484688674861058
551489050045988864
551606637606088705
551682903176781824
552005598615597057
552017511018168320
552021252442169344
552038248218767360
552065463610802176
552266751304798209
552281637967626240
552328482282553344
552381413899898881
552468777791524864
552754433155928064
552766016325840896
552848278929563649
552860760968138752
552960294360977408
553046169975148544
553111267569713154
553535305601392640
553557564986630145
553563638380769280
553575405001506818
555032219463344128
555130566706622465
555289784240054272
555290912268750848
555323393890058240
555327376440053760
555447424768954368
556107639625510912
556228745443282944
557074144505114625
557096941750743040
557320938375905282
557932086149918722
558414856756293634
558416982677422081
558428892898131968
558466774392266752
558501767688642560
558523740888109056
558596887519850496
558892309320724482
559263075183104000
559573400780156928
559857374312529920
559902019893202944
560163999057448960
560406720086671361
560425264807944193
560682074529484800
560903834407817217
561132509098827778
561169293573115904
561177173151977473
561309176475824128
561426613901209600
561478083538997248
561531868710207489
561552888548560899
561569968660439040
561705902466957314
561719764557774848
561830425656852480
561946682707812352
562238606618939392
562243257879773184
562251699403096064
562279318081269760
562339945067847680
562639830182821889
562992622130954243
563225583400648704
563230595221037057
563242661562576896
563347902408695811
563397372966076416
563978477183840256
564304402253508608
564347457773920257
564676313139531776
564736068306878464
564756286211100672
564785591561506817
565023947687612416
565107354606518272
565143761131671552
565303060420112386
565336619021262848
565428032685740033
565566410605473792
566151747232489472
566257094865981440
567287806645395457
567369806647951362
567587172367077376
567639888489500672
567811309744705538
568062001399746560
568441199297761281
568623295811194880
568878359158984704
569509595133173761
569529508820180992
570559495811813376
570650767369109504
570656230466838528
570659758706962432
570724512095969280
570966152807100416
570985250324656128
570990183648243712
570990543225950209
570999709160116224
571060362520502272
571071878649020416
571078007407775744
571231922355097600
571255966727053312
571264964683436033
571286359673053184
571302529990074368
571320451407974400
571330597400018944
571344417145135105
571345826099941376
571473938481602560
571610231173599232
571711350180868097
571808211742814209
571920017329156096
572029056453115906
572370799971053568
572446866039697408
572732322178572288
572748274618277888
572762505111580673
572808490965733378
573022010348982272
573087826360836097
573120640175112192
573279947445420034
573281947792883712
573292412430376960
573406774969044992
573486943880638464
573511311906115584
573530576818434048
573566918876995584
574404715376603136
574621995633111040
575206069833629696
575319219870437377
575443997050691585
575466667171426304
575707186204180480
575891615593721856
575924078906904576
576412478135005185
576618970368876544
577532478912663552
577656940282540032
577773253898477568
577791187240787968
577808831918579712
577847446270832640
578003881596215296
578162074741661696
578194227852505088
578199507671904256
578289267857891328
578574154607280128
578943021716250624
579030352271917056
579089809991331841
579242361768677376
579496758595584000
579789832131575808
580101390820876288
580217985706528769
580289963599765504
580349296182198273
580368693688999936
580384120221487104
580474226571915265
580481361141743616
580746776262545409
580822339648122880
580823195311276032
580874616324943872
581115572282376192
581167008596758528
581293529122672640
581325099023892480
581326319130116096
581395014502191104
581406863343779840
581587820248109056
581695302303776768
581777426016956417
581999689727389696
582884078073987072
582893069168611328
583290347863851008
583486848426713088
583500409458688000
583500450495795200
583501741481594881
583504251168497664
583504875067056129
583533952142598144
583674889480962049
583930739512713216
584172712047673346
584246834618474497
584288298249531392
585335239636951040
585340196557692928
585505175835648000
585851418843615232
586160130313625600
586217765666623488
586494775089442816
586533262912315392
587184590302814208
587194258815221760
587194893052747777
587481090845179905
587673014826741760
587688170382163969
588022316359151617
588515231380348928
588525414441553920
588659923807907840
588767869539733506
589443945773535232
590224518255419393
590431507967299584
590545916886659072
590950091256631296
590965434393829376
590978217546092544
591228165827260416
591229240311439360
591245619513163777
591541513768673280
591871892283334656
592295516517502976
592720340289224705
592904512131768321
593171698846830592
593397061376147456
593974566453555201
594000547591553024
594263552824741888
594549643134009344
594613009575579649
594694315915350017
594718318050684929
594811114661228544
594878604397432832
595126127343116288
595190714205634560
595202959648096256
595251975568109568
595757559006507011
595961510528180224
597692277847298049
598299676807340033
599007393494605824
599125027116568576
599363330575364096
599446630732079104
599804476774436864
599936713796886528
601384798897115138
601387987851677696
601392774370340865
601436583682703361
601584910428729344
601913063172771840
602589391198900226
602966767602831362
602969826642898945
602992695011889152
603005702697713664
603241495269875713
603463396365836289
603598228022501376
603639937368469504
603999922640261120
604070300406276097
604106567907057664
604384366886834177
604735735154012160
604797500965265408
604975129790062592
605045307844337664
605086404465459200
605091889558261760
605112787141033985
605138894867161088
605261202822807552
605351836636311552
605369768720396288
605672293654654976
605693478799065088
605708015468195840
605727874348384256
605776092780044291
605802486604046337
605842449722777601
605899935117017088
605944627380817920
606299281230659584
606365604891598848
606774570255654912
607855197835149312
607899372177747968
607931728045338625
608562753129840640
608574273830027264
608642817427156992
608655874496692224
608689054549471232
608798073561612289
608880570362437632
609166003570802689
609338660572536832
609421004025278464
609461898141147136
609714781507993601
609783303168782337
609790992309469184
609807635727151104
609930400341725185
609937116462604289
610006959677382657
610036486059200513
610241505777856512
610466198136954881
610483675487203328
610512692353310721
610555659969409025
610619808913076224
610629417715412992
610788306335453184
610843183715463168
610974241895354368
611182304984109057
611619605899939841
611838090278121474
611854657594486784
611996097129619456
612093297364840448
612099863975583744
612221773757681664
612267884463673344
612280320520425472
612283618052825088
612750086443917313
612781430335082496
612783809587580928
612970627083968512
612997875828703233
613277694457856004
615316042294890496
615459121891012608
615666964451606528
615728570888003584
615884908238651393
616316575658807296
616575922674769920
616630261191716864
616694572853256192
618057796345593856
618340855657721856
618395942002102272
618483539777093632
618586257753374720
619208680349765633
619513224057061376
619624637685755904
619730586215649281
619895281761423360
620194547256029184
620793830413959168
620843348505432064
621245283935121408
621352736672473089
621526313216536576
621832039763849218
621845142903754752
621860106481762304
621875663901863937
621967424384925696
622509518346268672
622526710358114306
622598644009668608
623339394989166593
623733200322449409
623896530324467712
624161549528096768
624374054338867201
624561158788247552
624613462476337152
624628271745998852
625806712193204224
625832003070509056
626070342885249024
626642400555892737
626723541795233793
626741309693394948
626848405877301248
626870204199534598
627009098568073216
627039115188383744
627052129107087360
627062516095455232
627070573118488576
627075912631083008
627076573653561344
627816926711050241
628272138890252288
628489671656517632
628582310326079488
629222720161640449
629437596280750080
629559315221737472
629748063494537216
629757802915848193
629936150220685312
630004911024046080
630051857654751232
630358013853990912
630691491766251520
630833400857919488
631280418583658496
631869539597336576
632590097284734976
632870673115774976
632875946828255232
633506882188021761
633703854580830208
633755138834874368
634366408906768384
634745305263640576
634879297346338816
634983488203177984
635439309563260929
635444360306368512
635461097114484736
635467880918818816
635469518022803456
635491308438728704
635524506925314049
635718998781390848
636228687013265410
636255173036388352
636337860757483520
636384018599030785
636560790015877120
636561226298970112
636561581355204609
636600809573220352
636611275666128896
636742652692688896
636903909362167808
636961984953630720
637507255093624832
637635998185320448
637980934705422337
638007752250396672
638407777333850112
638674545726066688
638724428944150528
638852256234913792
638887466590601217
638954151821594624
639060084857929728
639100384343101440
639446444949180417
639559017052803076
639695836943884288
639699321500364800
639804238848237568
639809419102937088
640275649614188544
640851401892065280
640921153591050240
640924573647503360
641169109116293120
641288611472654336
641417749898522624
641489320088436736
641712529677398016
642554131211755524
642582982285504512
642597116846538752
642718104875732992
642734533335453700
642781966346010625
643095780228771840
643112220348534784
643122505524322304
643571264011898881
643644357350948864
643795122480631808
644488507239628800
644488513442983937
644964294954741760
645024639639535616
645905787584274433
645928760433246209
645952188204761088
645961089671405568
646027426347155456
646070620120215552
646249606892797957
646419866795118592
646786233809539072
647384012202356736
648159002224914436
648232794137718784
648290405872627712
648326964281933824
648426685910618112
648439576441171968
648493309824925696
648598850530226176
648691952272175104
649197205861957632
649269312625209344
649543845269667840
649621017187512320
649689751415599105
650288114116730880
650407824212660224
650415832523255809
650420336207470592
650581180757073921
650584856162926592
650605489492000769
650617914194694144
651378336887799808
651424335614353409
651596952564572160
651743798721122304
651859489713291264
652058053697765376
652079150321270784
652148120952803329
652171720393101312
652334979544948736
652481072199036928
652506002957422592
652540388272553984
652542102539235329
653076415596888064
653152901892739072
653264904581984256
653702331221999616
653928809671081984
653992755027386368
653993411570192384
655077150693990401
655463817921626112
655890642334257152
656108053972934656
656425382145597440
656869699980955649
657116242692734976
657221044642684928
657266493659435008
657672314465726464
658189046523412480
658242856386187264
658615758751211520
658616745809330176
658617481574092800
658803849289990144
659011315088781312
659014102774325248
659041979200880644
659172274482733056
659184469690175488
659219094017708032
659473740955189248
660036667412082688
660041747028959232
660041764225589248
660085012306395136
660109346915770368
660117216885477376
660467638917660672
660641499701489665
660890514741399552
661115206525915136
661127792231321600
661147212135727104
661201099085377537
661463139213565952
661588229892673536
661802861446209536
662086354487156736
662196453281038336
662632429539057666
662681193154920448
663567974029131776
663721804310122496
663799425475731457
664089575191478272
664402656019005440
664426560234110976
664725934935707650
665687399033397248
666134929525178369
666141677652848640
666146479564681217
666155143696506880
666158894691954689
666296658595069952
666325159947563008
666482399069343745
666536410439028736
666556746308198401
666582129376006144
666602420022194177
666604346558271489
666664955077242881
666809196977909760
666910428551897088
666959918365286401
667221889505296388
667233953934282752
667433104118833152
667518003613818880
667625624421445632
667976594137350144
668121380727226368
668278058953084928
668452855993511936
668796235004932096
669092226840981504
669507403621277696
669588910935285760
669601333348073473
669769729175715841
669879511748579329
669882207800942593
669900887607898113
669944728155090944
670195512713330689
670312803173986304
670699425879191552
670740881843036160
670770027604213760
670921727346614272
671487099355426816
671527403521462276
671722697408290816
671784280259866624
671928198360391680
671936284651196416
672328618379362304
672497431242756096
673010347008110593
673050773710839808
673149443068309504
673151835868430336
673156978059968512
673168234577838080
673357306764140544
673774894543470592
673837939248472064
673911765848035328
674136729771577344
674391856298385408
674458539629219844
674612681832140800
674905913438769153
674956056209063937
674974370180239360
675047436134543360
675258412049956865
675498810152325120
675601382867537920
675691648802795522
675871788564283392
676063553162379265
676067082081976320
676099835372654592
676228752599314434
676234421217845248
676358315065016322
676377478168862721
676436379425894400
676490487717625856
676501548063657984
676517665188507650
676725475671085057
676836902981513216
677293991713308673
677428252881784832
677631116958896129
677902230650003457
677918822104473600
678069780989870080
678077110070566912
678547534269177856
678946767459618818
679082878148341760
679420394223345665
680032445673148416
681167053609283584
681422251338674177
681483416165048320
681630649879543808
681802042885697536
681917420068564992
682128192019234816
682141165802631168
682147581405859841
682223092198936576
682239376122884096
682287065824931840
682459381347254272
682618313638191104
682618491283857408
682632199527641089
682755737790099456
682908634020470785
682915879026339840
682987194840150016
683017640638582784
683036658942513152
683077568287866880
683203716623646720
683221184775733248
683235960692314112
683238954309566464
683258563628777472
683386799184543745
683399457254326272
683602691965206528
683628764622905344
683644184683753472
683649428587155456
683773064040050688
683790340701073408
683901242314067968
683960479224586240
683968472968228864
683979793273065473
684007082555748352
684033292694327296
684082364117585920
684154242035089408
684255556144619520
684323489562558465
684979291696664576
685036854010339328
685089211784019968
685125009120038913
685243474623336449
685265326112559104
685408547975331840
685773216275533824
685863458978443264
686071224749821953
686267623462408192
686314667304693761
686490326228402176
686862688752807937
687198236776464384
687307828932030464
687545498014760960
687924478219685888
687934498701455360
688018406025654272
688293743569596416
688456240490508289
689731867570900992
689784474884648961
689798085992546304
690710236638777344
690724653006921728
690751741676142592
691264325659422721
691280497184362497
691624168824115200
691706624386404353
692022677649797120
692348550416633857
692385146725646340
692403922451992576
692436434301685761
692803310668087296
693851248634810368
694164443224154112
694343886626394113
694445663426207744
694507587149111296
694715871097278464
694761594861924352
694769781573050368
694804362510503936
694942679688437760
694987975168495617
695269003892228096
695354495606259712
695507166833184769
695965752088723456
695968588012752896
695999176518184960
696194593700712448
696724499526344704
696805827110428676
696837842702446592
696949735576489985
697001638108598272
697026011876233216
697434910303264773
697436431816355840
697497279213625344
697558252012355585
697592269315010562
697627864380809216
697643416486719488
697693466298552321
697699936171909120
697703131493355520
697706009293410304
697721034691096580
697866091025080320
697902764966301696
697911341554610176
698055021934571520
698056879210102784
698062078922375169
698065167305805824
698086763601006593
698087343786434560
698124151282864129
698267386730975232
698288943490535428
698358832959873025
698371050527023104
698444957653278721
698453860554244096
698457478183301120
698469723680464897
698546841881853953
698599200850898944
698712295900229633
698770244375093249
698812315353903104
699529516008476673
699600707318587392
699788036561743872
700818903744778240
701060752074010624
701062925755281409
701328466483027968
701855843747241986
702026039967531008
702366811925438465
702431733740920832
702439207684464640
702894496737071105
702966418057330688
702986489890775040
703191098403872769
703191473269780480
703218090671214592
703248568765779969
703357904250757120
703380366254612480
703410728628305920
703605156500381696
703646494901927936
703767720953843712
703773712068116482
703855663269556224
703883305427427329
703940411761389571
704164134657486848
704474821959163905
704826129178370050
704942166137806848
704994966645374976
704999838627340289
705097327791443968
705116084911763456
705831066129436672
706027191709077505
706161724236423169
706405441522143232
706439330877714432
706517570451427328
706568676607205384
706777295768461313
706777701902917632
706793199285739522
706805466739949568
707530442468098049
707575261483687937
707587020831518720
707739170878439424
707823125115879424
707871375474749441
707911328145477632
707931200627875840
707957967094685696
708036809603698689
708038329514790912
708041345638776832
708088836748910592
708218356067909632
708249950530961408
708273072424554497
708275780988473345
708340740556980225
708363296160747520
708373253648207873
708384601509601280
708389352393539585
708426270242164736
708444180087971840
708784060047294464
708854826730295296
708952691926548480
709001129091174403
709129924490108928
709190294621835264
709228058117480449
709281433978687488
709404508456165377
709405662791372802
709434295232770048
709892861110657024
709944298301628416
709981676328361984
710016180187172864
710265095104946176
710310372985741313
710560200558653440
711844004317388801
711861360414433281
711871478451417088
711899328244113408
712108446167011328
712147646559879168
712150675111727105
712209810511564800
712616490994892801
712917955391172609
713640428369612800
713641932795215874
713645035460251648
713649642907406336
713682083688767488
714598783724597248
714729459107119104
715026472285708288
715080311059517440
715202576552169472
715206020902084609
715208550243557376
715210823002562560
715215011178803200
715468390047961088
715573202714562561
715587588204015616
715686571807088641
715965241637470208
716262349536149504
716748651113091072
716774298296389632
716900054133399553
717023541078728704
717265029461049349
718078465698881536
718118835761491968
718718501679017984
718738885862232064
718742884065759233
718790966774083584
719019371499130881
719525216439910400
719704738913083392
719763483366146048
719978473687633922
720146113794183169
720181387190530048
720246081364365312
720286416874262528
720295493985677312
720546793344270336
720931143055491072
720951969716809728
721601854761619457
721697193174798336
721832870604640260
721856912548044800
721969035412422656
722217577913524224
722253771867181056
722410262058397697
722671206881746944
722677158112587776
722777139469283328
722818069320470529
722837910135832577
722873292755828736
722884869374619648
723039191961985026
723151439586013184
723511796636762113
723517423786299392
723687727468683264
723764446498152448
724222646435508224
725450676986335232
725708603060031489
726041703153545216
726061174727532544
726754497737826305
726931802141659137
727016962102980608
727080149770866688
727141031607595008
727306437798576130
727600217265049600
727758683510329344
727889856274247680
728392912636149760
728492484175745024
728815708801531904
728860742099849216
729180420265279489
729241413867556864
729281192772542465
729341140499976193
729342722264420352
729421969410564096
729436964269658112
729446762138591232
729454167735959552
729749802209054720
730338940872445952
730493187534413824
730666173340209152
730679314916757504
730685047137800192
730687533638619136
731342823132274688
731437259828924417
732021013433724928
732116489394851840
732233573810470912
732306842290946048
732494989838540800
732496065941798912
732742567545077761
732770335838195712
732832771106865153
732880819631460356
732926405818753025
733131015837745153
733131209660735493
733188233803128832
733197295139741697
733201290151514113
733452580194410497
733752725972746240
733764949433012224
733769545261944833
733931111152123906
734168300121395200
734290700469166080
734423204488445952
734458703231885312
734714075603718144
734767651981905921
734825704412446721
734826990281187328
734985227739619329
735043937040093185
735525963610660865
735633517237919744
736136204106616832
736203598091190272
736272987683426305
736405703838044160
736424760335179778
736607968997838848
736702899519004674
736808558038265858
736860584470159360
737049601983840256
737149037674147840
737154199411122176
737185619730780161
737191991822409729
737201412497649664
737207145662435328
737354227509518336
737378615814393856
737450472194211841
737498199435317252
737528073101279232
737535367486676992
737536409473421313
737558350011867138
737563920496349185
737572670372339712
737576761286787074
737578269373960195
737618316705964032
737643792757587968
737657149174730753
737657922885423104
737663862317682689
737668431374389250
737669645872795648
737703959993913344
737714265268834304
737721481552089088
737736248970911744
737748026983354372
737750524313915394
737752255571595264
737753796202385408
737753989173874690
737755886211477504
737766517157330945
737784335567364096
737800453916897280
737877218718797825
737882738997530625
737884729626791936
737924468329328640
737944067741454336
737947084494622720
737976116753883136
737979350088323072
738015379373625344
738019407536984064
738026122630332416
738039322344075265
738045153693335552
738062401308917760
738072611704430592
738097397058932736
738154348752953345
738250548865032192
738253541266075652
738281921046675456
738291666285694976
738363319199928321
738383058857021440
738396040357761024
738399731303514112
738404067647455232
738417134443859970
738417908926320643
738419452778274816
738429326224302080
738429350467543044
738432094909698048
738434736910176256
738456086156443648
738465959694860289
738474348290277376
738495271307513856
738626782371426304
738645010103603200
738646217975050240
738664460173381632
738707246943719426
738708820491259904
738714074352123904
738751926372827136
738754856811417601
738759194615152640
738762935133188098
738790953792720896
738823278840664064
738830571351224320
738967171397758976
738968020773703680
738992446231719937
739020531689721856
739102239302770689
739105047078948864
739132972742418432
739154724495228928
739161314166214656
739181708906467329
739230360207261700
739238212518957060
739365982360178688
739379635675271168
739454625393324032
739479989138128897
739753236761055232
739763139001094144
739766081125011456
739781293882347520
739840205935546368
739892598974861314
740042390703099904
740068412177715200
740070843053662208
740084104088199168
740092206627880960
740095983602782208
740170972267991044
740196910300962816
740216200379158528
740222976763830272
740225059193819140
740231562940297216
740233298862080000
740233568627068929
740234615814819840
740249467828482048
740250007081766912
740256345773985793
740264154712449024
740302081416962049
740465124390080515
740483903366926337
740511241383387136
740517137236647936
740535202582253568
740538191267106816
740666936263118848
740813200766214144
740930877484634112
741029103147442176
741179165198536704
741496457824374784
741525012784553985
741661270017970176
741709377703411712
741861803148214272
742135990559592448
742289179535659008
743015826601697281
743161330610348032
743359058392940544
743384229497679872
743445326611251200
743471999876472833
743488475874353153
743501818358042625
743692015158726656
743726128003588096
743816866171326464
743905323543629825
744191847128436736
744360846420107265
744529744385892352
744534982144757760
744549085244334080
744630770116005888
744753002209218561
745023417267724289
745031440031694848
745170424456052736
745261544095703040
745382805253677057
745418927845453825
745577469814538240
745595825670131714
745600923448258560
745683270160027648
745866210408075264
745905684248694789
745961763473080321
745992462448140288
746009354298621952
746083614291562497
746386418465914880
746432967740882945
746461142604668928
746718356405882880
746801790117646336
746821154074206210
747995724978192384
748093412272910336
748127558550560768
748138953241464832
748353178270199808
749065341586726912
749466819581411328
750337554457694208
750337802257129474
750893641632063488
751165986527674368
751167208219406336
751197637794230272
751267650043387906
751418791951790080
752596726066843648
752623570010812416
752638920505131008
752689111933214722
752696262009450496
752724839081791488
752848565282545664
753035409660186624
753159226390962176
753246884345487361
753345702428827652
753345808620105728
753350269518409728
753352623630278664
753413745230094338
753418052503502848
753509017096364033
753685864471863300
753754552936136704
754249103434022912
754462771173924865
754470366408507392
754609055683915776
754793839844397056
755613145079484416
755694559401762816
755726869270523904
755764875155083264
756001538783326208
756020759726727169
756128433025843200
756129418616139777
756153001300156416
756172674531942400
756176490119647232
756468934379966464
756508260925075456
756636337130774528
756927547049320448
756982430985166848
756983738035077120
757010301481091072
757172169029804034
757365069608923136
757366725759242240
757432883531304960
757494302339571712
757613409047343105
757771911346749441
757849369496301569
757882635976790016
757940960609173505
758205502480388096
758521629890650113
758572772490637312
758575120290091008
758769139905204224
758825319218327552
759240736864870400
759898000407662594
760154379307458560
760176410539528192
760176866099601408
760350969154723840
760420119554076674
760665387113472001
760674522622152704
760723550810628097
760724447745699841
760920272639852545
760967260039106560
760972532421984261
760978989359833088
761017815637696513
761048712214818816
761049587066867712
761050328493985794
761057847262142465
761251305100902400
761355220198756352
761372714925891586
761376061057699840
761430337377349632
762281733672820736
762366384747589634
762401879758372864
762402279601344512
762404827229892608
762414153185173504
762454271832928257
762742863394254850
762938358486052865
763041051426775040
763066608868794368
763085869045653505
763088808799797248
763135506188206084
763135787424636928
763455086852923392
763744681616257025
764015991344869376
764130662836084739
764320260182806528
764336375894306816
764358428777078784
764417813717086208
764514429736132609
764530848079155200
764571974668587008
764602141449170944
764618483195838464
764804167068024832
764828802384007168
764927216257949696
764984507686490112
765195503457882112
765297031346655232
765452831297970176
765596657039708160
765678719205724160
765679686244454400
765721842803802112
765818303898058752
766010493563568129
766238666905747456
766291748704423936
766485953724776448
766980130283610112
767098705790906368
767114682830163968
767290506456039424
767329938500308992
767772450964725760
767994872578056192
768634144851013633
768798517900906496
768829814824247296
768861970195881986
768886684955975680
768897641946181632
768901368044134400
769170271928483840
769194684576960513
769366123678621696
769394896344064001
769506262551715840
769774311968079872
769927127475097602
770209564532674560
770572723777105920
770776256669372416
770981711182237696
771105696226025472
771375628176072704
771587937746071552
772460103026868224
772514094360305664
772650812623290373
772781827224285184
772934103733788672
772960588171403264
773074057805737984
773077201063407617
773146400129441792
773307883878363136
773538620472979456
773705145389645824
773979956305100800
774727266823581696
774740590848188416
774921896710340608
775600763481436160
775632377695600641
775697386924445696
775760180936048640
775760740204552192
775766510182731776
775772257327128576
775805122920189952
775906484295204864
776037646023925760
776165588917944320
776185806310498305
776349771640496128
776553403992252416
776953291594866688
776996787567464448
777018247778631680
777029515289563136
777052253362335745
777104599379423233
777106884058763264
777139839556648960
777163982893223936
777605888655761409
778024515909537792
778041943855026178
778431677144018944
778479315071664128
778616752993214464
778893752471543808
778933660334559232
779013669589884928
779066799077851136
779194196724887553
780018288940158976
780146894357929984
780295387017949184
780856348493832192
780951872647475200
780990556528865281
781093621592383488
781155273763192832
781685141211058176
781753370281320448
781871738888065024
781902339066191873
782023965489238017
782264769742934016
782517721938300928
782797044729741312
782797451639914497
782856010625003521
783130241195585536
783135151601704960
783179976921128960
783478326421704704
783618446827356161
783792055160082432
783909177920020480
783921439044841474
784017385615265792
784233737512890376
784234780590080001
784244537967251456
784305124269182976
784336997477261312
784413747376893952
784456849215123457
784456852864065536
784477844240011265
784835805999198208
784943243364487168
785012342786498561
785071804276576256
785106169677230080
785108107227561984
785110315553787904
785111654228856832
785153740848308225
785262083638169600
785264263749308416
785284230573993984
785310124797669377
785314104349077505
785316828025421824
785325402981924866
785337680368467968
785343194607202304
785347096031268864
785389967123984386
785398387059269632
785997107094093825
786005533685710849
786070938412515329
786121283209564160
786169556586770432
786190856218746880
786266752061669376
786287404416135168
786434119072821249
786491706409492481
786588204170346496
786674211528015873
787201722892455936
787228854490243072
787588682731626496
787849177581649920
787902147698450432
787902253378203648
787954646278995969
787981561949921280
788186519307563010
788324770765008896
788398448508739585
788457694453637120
788788619779665920
788842589554343938
788874378666737664
789409624138985476
789409631646785537
790900222368976896
790909371781746688
791266893470568448
791268686447378433
791567733695606784
791594802844434434
791933405902442497
792051379564969985
792319235351535616
792955986956824576
793029205319491584
793055195232018432
793070035463970816
793443964900737024
793504441022504960
794366500865982467
794478910901624834
794502218061750272
794700824404430848
795263551388663808
795403423306936323
795497536291094528
795674749028462592
795702151049834496
796087988140834817
796319752176009216
796346157156864001
796369433241403393
796435007673946112
796490215078711296
796529318373584896
796693709639168001
796701113995104256
796745584795389952
796846317632790528
796860246736052224
797647100565716992
797655572573143040
797677972547219456
797685704197214209
797694645522137093
797722245741223936
797729987348418561
797741772730306560
797771440128860162
797771478930366464
797789959478353920
797792110535528448
797794521597644800
797814805772046336
798050241861840896
798099061475684352
798105876364029953
798305189924982784
798356661148655616
798458981752573952
798478057195507713
798490523820380160
798508699044220928
798530247192965122
798650812511588352
798670554630762496
798750109345292288
798752071239409665
799444908029284352
799480577057583104
799522784040849408
799553288567984128
799607144802750464
799654742746165248
799981773354463232
799998393695305728
800018818399694848
800091318642950144
800633887386988544
800696529770151938
800716652195282946
800968114653401088
801312317355003904
801380815166930945
801391859083988993
801458708786151425
801652200724451332
801672831046221825
801681235982557184
801684041787273216
801687875939078144
801706221803806720
801715561692626944
801720307002339328
801835115894755328
802066289527095297
802114052063252481
802829831633108992
802968858214760448
802970857136123904
802986234171768832
802996470555279360
803023904860151808
803063479473176576
803165461336555521
803184972723081216
803191488880513024
803213114628014080
803234433000148994
803236909183107073
803260822801649664
803260889940062209
803271446357282816
803284826191171584
803415757417758721
803440608593461250
803451448700780544
803454039333556224
803455995494027264
803466221962215424
803470959600467968
803544744215384064
803598066133573632
803919035318628352
804010972331524096
804312701002457088
804486553280069633
804685877838565376
804704606618062848
805294233020231681
805321168580395008
805374504922976256
805399384150147076
806105457077186561
806128596423151616
806138760937271296
806175022247280641
806390063244410880
806453539409162240
806476961451216896
806499176066453505
806787551683956736
806834354802438144
806863559212679168
807384780572459008
808055620339384324
808956641743732736
809171890690523137
809566350368796673
809685070428524546
809733108471889920
810787329371557888
810924426158047232
810931684396896256
811056347773026304
811198180654272512
811268248448724993
811342708061024256
811548065937039366
812201425312751616
812248571802025984
812266777711431682
812509278762242048
812540411746975744
813374591246614528
814010823689408512
814411097864159233
814414402203983872
814417111921479680
814418757657296896
814469186323939328
814543705935736832
814665332673703936
814669018061803521
815040393884467200
815395045314560000
815615714082095105
815855888129028096
815857432882769920
815865821570289668
815882427159678976
815885188869668864
815960345336545280
816012131535613952
816043428630839296
816046695377158145
816056629867188225
816077181575106560
816207402437636096
816256005461987328
816280699388841984
816367923770118149
816380623434592257
816403303852425216
816577250598461440
816609916018454528
817123537488084993
817285829861093377
817303376253882368
817334752848056320
817334997883334656
817345259164221440
817388602090987520
817481338974507010
817491496857255936
818362228881719296
818369931054030848
818386811332558848
818390305326137344
818474161949601796
818513625468010496
818701658280628224
818709014498443264
818777187482365952
818898970961473536
819111744639553536
819113813505146880
819315426853273600
819436418263031808
819830340390830081
819866466162012160
819911710349922305
820042974197334018
820214611416928256
820218394255339521
820295860747542529
820399938416754688
820620984231174145
820993538456289280
821077876112035840
821090113476325376
821117207245713408
821301696588484608
821459572263100416
821731492581744642
821745652803764226
822160325608734720
822263854524669952
822370054381522945
822759706078969856
822808230711721984
822817083591446532
822824168110493696
823181666160144384
823317212446556161
823329247884251137
823373045024686080
823424918742106114
823528889578377221
823565116511617024
823567614731382784
823729659921760256
823731915236708352
823757992554135552
823758777857908736
823776797145763840
823797969539338240
823809561622695937
823850911814402048
823868915621052416
824113067696930816
824113520170176512
824143990274588672
824154025864167424
824160171534467072
824162412861464576
824171170761162752
824202245172592640
824209269432012802
824256850644176897
824338590389960704
824424167730655233
824425957838581760
824492256799232001
824537640233889792
824596362859667456
824596669597569025
824672856466423809
824814008108593152
824924735867756544
824990518815842304
825053893184753664
825136994833428480
825140161293934594
825322589002149888
825486203914842112
825644417025445889
825930607427416064
825956164366172160
825956302023163905
825967811814125568
825983840988467200
826110462408273920
826546115059253248
826627277026791424
826760200636002305
826761782475759616
826783220507168768
827406540067909633
827438952974004224
827493643661381632
827575866729361408
828522614863785984
828748393916809216
828910647861616640
828957006832795648
829095437466533888
829165091937406976
829201577370075136
829258775257346048
829261659726295045
829280839464845312
829291437292396544
829294998201970688
829325800042352643
829349939947925504
829364075721326592
829412936661815299
829512724761620480
829520315575177217
829760036348035072
829844333205413888
830016391344431107
830539164638703616
830540407763300352
830684745323327488
830849870890102784
830867426568867840
831105804946247681
831171283400409088
831479807821103104
831825002534154241
831833976029454338
831995329318772736
832028212376985600
832064333504933888
832163474407030784
832183739346063361
832310546871484416
832449416082579456
832598430291730433
832760057259384834
832777578633064449
832880826807418880
832931106873819136
833086724096028673
833214575512150018
833578679338942464
833819761821757440
833840054363619329
833843048253681665
833862725059031044
833891988315336704
833912149630078976
833924706470223872
833927421812281344
834086991646048256
834310579070312449
834314501134614528
834349788053266432
834484332148297728
834617372652744712
834648744150892546
834760589746569216
834770863664795650
834802174559412225
834805481759789056
834984646416842753
834984907881525249
834986851718946816
835051963096121344
835120033412038656
835605594534981633
835708598772727808
835997827369156608
836289804664979457
836430214368481288
836476629585121280
836581914320506880
836823983353909248
836878014587744257
836980367781396480
836993229967015937
837014169572544523
837085298324619265
837317730147713024
837336632667877376
837558511772938241
837620098416459776
837704571640246272
837738761547091968
838217823608438784
838333127739260928
838721199874048000
839272244895309824
839501967894405121
839604530048299008
839656521227091969
839679928358551552
839825336552468480
839864429709688832
840253641885913088
840282206979444737
840289139450925056
840550511120154624
841401006797815808
841634951439220736
841637693608071170
841795901764993024
841877177624850434
842006165705875457
842138233173626880
842141623454687232
842271490141634560
842322052103122944
842494366820286465
842527249450631169
842905808266448896
842910185718931456
843297119360483328
843318937064366080
843361396750409728
843394427347320833
843607928133292033
844564313012670464
845583720950128640
845604671851057152
845628167855357953
845940693256286208
846003285282697216
846329507103436800
846728089912643588
847243626082050048
847412512383356932
847416452424519680
847556586600095745
847625871712112640
847641330272542720
847873968065433600
848285144846921728
848349687950266373
848401927432019970
848529770258288642
848618580681912320
848632201470259200
848638922687221760
848657153367953411
848695235576307712
848784048755531776
848851618011525120
848852185962037248
848864915762929664
848870222769606658
848877245439594496
848891572318072832
848971430775709697
849083151532032000
849117747430797312
849222321772658688
849228504088670208
849255695249625088
849286720440770560
849301263959420929
849369868306665472
849475288652238849
849634891255951364
849637507117568000
849667565186146304
849686849312501763
849724022598139904
849743357312024576
849766480828878849
850026468906340353
850319148420694016
850359691771293697
850386711385260034
850388688303529986
850396935152422913
850426637086842884
850453858207879168
850470638624133120
850498307424215040
850540226590253057
850856929295552513
851409413646802945
851578277311373312
851625591652720640
852243165302198273
852529810760908801
852554541803417600
852608222380924929
852624282018615296
852631745438601216
852681395487035392
852718859765202945
852739972473868290
852804949515698178
852898298344099840
853130130432176128
853267425386803200
853563052024897536
854007994534813696
854059785049788419
854163806288834560
854250685419986949
854262837673246720
854766668387684352
855160087563907072
855194797681897472
855212425251086337
855248575567147008
855547644516732928
855563578274754560
856624832292827137
857545859868708865
857651953928744960
857803058968838144
857867986841079808
857918147759886336
857957864354086912
857974981891719168
858067034772566016
858084101320056832
858109132586483713
858145943971037184
858172777098072064
858203574500818944
858267644507631616
858374877706932224
858419995453292545
858490544007327747
858516314167627776
858824188815056896
859408582407749634
859417608558346240
859423315986874372
859444598309097473
859536182866317312
859544811484979200
859608993752379392
859637439576649733
859771332908777474
859792354395533312
859838431719030785
859839256700882944
859881873865973760
859882605604425731
859891336627048448
859891655167664129
859901667361345536
859937675339497473
860196024056414208
860258475883937792
860301119498702849
860462128263811072
860527262709493760
860542145849110528
860626885302202369
860843222091935744
860847907427233792
860879398387556352
860938986382135296
861076485599354880
861213829509910529
861227956118716416
861258606607519747
861271991231422464
861334690766229505
861335479475634176
861365904025714688
861496628741640192
861539001962041345
861649200160710656
861657024731467783
861897864632578048
862089406185959424
862094425949917185
862319925528023040
862320640791121920
862378347007025154
862383967546339328
862454112507580416
862635910306856964
862663540179701760
862822528103759872
862992827487309824
863003997464080384
863121747360571392
863147106038624256
863149830931185664
863168507747454977
863292024522395649
863311681820258304
863530798334476291
863757133304795136
863988808966053888
864137650625753088
864437375618830336
864465975068037122
864657619700658176
864813217943441412
864828748495020032
865160167155003392
865447859285405696
865573879527428096
865644367372967936
865899138726100992
865948979183222784
866152720700514304
867110157813075968
867380655289761792
867414851802599424
867711994765471750
867724212827545601
867771334083923968
867803560930627585
868025997010055168
868084138674454528
868097086021095425
868161755167547394
868226298719633408
868350700174147584
868563701057679360
868766918035079168
869075299467763714
869251443236249600
869260706524397568
869321042807988224
869476060991152129
869576732906532865
869830075268685825
870028367990599681
870389984792113159
870517868831449088
870645957704265729
870651401311014912
870660332800397312
870684149173977089
871116400701706241
871546544968712193
871833381906067459
871834189787791364
871870603011043328
872075702203559936
872126007855038464
872158265681096708
872233585960337408
872405308236337153
872693400436219904
873219337427062785
873677712304463872
873880943819460609
874034580747104259
874576698234241024
874804635327905792
874852269765931008
875285232924188672
875288006172831744
875514382276538369
875748360933847041
875802481292439553
875896081233567744
876214781744750592
876856640372387842
876870634885844994
876890893143298050
876896555873128448
876897987485630464
876899745704415232
876909191105048577
876910840670302209
876969646846603270
876983597760172032
876995236253376512
877064271393370112
877183876254269441
877213422538158080
877327075954245633
877647799629733893
877649383340298240
877794875583934464
878107705168334848
878137329700962304
878162982953402368
878263651773407233
878265674975461376
878279115006136321
878362748232622081
878542338414362624
878774409280016384
878933637412114433
879367414802153472
879622376966635521
879625739317854209
879628988368527360
879693391247933443
879987948296568834
880004628884013057
880054371417018369
880072530329038848
880159202567753728
880261784304631810
880275227367821312
880307230364508160
880423504608321536
880755030864924673
880769643060842496
880840050245849088
880971995671875586
881960500829016064
881979226697740288
882704580865404928
883046827251179521
883048887786909698
883064523128791040
883077275679432704
883080365442838528
883215183442739200
883552231022366723
883957999576002561
884135398854635520
884163532958441472
884173621224239104
884176826679136256
884179431887167489
884233078083899392
884282035384320001
884290062598451200
884301675049234432
884308996835991554
884310032518664194
884325033430200320
884366275937521664
884449137407791104
884450764084662272
884455668140445696
884457897043927040
884462539458977792
884636889948471296
884885746984681473
884938114657128448
885109132638003200
885114945570037761
885140571232374784
885166687825350662
885169708810371072
885188751936417793
885230061556813824
885277243991314432
885292685086646272
885519574443020288
885945201105219584
885947457330438145
886294080040423425
886426015374946304
886643817893560320
886785151694512128
886797636501520384
886952472035549185
887004122628710405
887017424306008065
887075581334085632
887086137789091841
887152237432061952
887201249715789824
887308832208293888
887375379186548736
887418286014570496
887680971797131264
887683274591662080
887690953800253442
887715764404449281
887751540173414404
887813365304705024
887923666507489280
887928668626055169
887976731767918592
887999848334622720
888058781363580930
888068991020929025
888083621801844737
888147986982649856
888405582352437248
889517070559334400
889534953825779712
889549980888969217
889639312169500672
889892042435854336
890080777769283584
890567544695906304
890626982773481473
890798435175063552
890865444307042304
891394338445553666
891401235391066112
891439389787774978
891452469061996544
891497407179104257
891629267066290176
891671460804259840
891695041609162754
891969624929075201
892069950281711617
892105609071349760
892129259686428672
892449776129777665
892462041277091840
892471980875808773
892472490483646466
892499939137335296
892583343426072576
892606487482089472
892633367342088192
892700840817045504
892731725897281538
892821066799820805
892901315642146816
893133071528202241
893144326049419264
893162180492787716
893285605848764423
893450286144131072
894025914476105728
894457279076020224
894558986925744129
894594064582094852
894616667350872064
894637864561987584
894643508547526657
894726430050754561
894936422980964352
894960674811596800
894974152540553216
894976401597763584
895185499131961344
895262760954736640
895489338364055553
895521975434530816
895525136580923394
895668017060651009
895778141523894272
897110070059728897
897110934178672641
897129980584439812
897329450311966720
897405884489506816
897457481550618624
897572628667478020
897827875231080448
897976904019476481
898040952396193792
898113774225301505
898119475089686528
898367654507032576
898375447507030017
898397795245215744
898515685369946113
898971629665099776
899250634855251968
899696948046856192
899745107900940288
899747204986019844
900396350499684352
900495545885757441
900499401638129664
900502092674215936
900539002423562240
900561270843334662
900690069668933632
900702851202207746
900708018983227393
900842879182131201
901071860456185856
901151504714870784
901254745888878592
901639048464388096
901662243594612737
901716720674582528
901835893232857088
901991202857377792
901999787855228933
902015237951549441
902096694422228992
902156696407216129
902187406123835394
902188288789925889
902218968345272321
902225607563644928
902258946840313856
902339386959958016
902474134315302912
902491334828851200
902559120888184833
902795526038364160
902843730587115520
902928093131808770
903082857492566018
903173716451909632
903255663417204736
903265153931608064
903370281829498882
903533073358352385
903589529143189504
903611928827674624
903955769435049986
903960318652669952
903973451970392064
904025443510214656
904025763938217984
904026823356506112
904497561888849920
904503608246362112
904587230177443840
904717770524372993
904822909704822785
904852554470883329
905053100729356288
905072243822264320
905081971667296257
905261367573090305
905280030833614849
905607663798636547
905976569503592449
906057103172923392
906119454941171712
906292765633515520
906394228602949632
906552804285861889
906573891346165760
906696780133388288
906729471721570304
906773843066441728
906922961621454848
906936222282547201
906965286787710976
906974272832376832
906981528483364865
906982446905876480
906986123632807938
907173357510184965
907196691270569985
907364164829671424
907371676148670465
907490044335636480
907797037147738112
907946100618907648
907976446286680066
908018109373730816
908135145902718976
908138128514437120
908615579501780992
908760840886767616
909635986929225728
909677183328751616
909776370410168323
910016271554576384
910155731134853120
910165111620329472
910172109506273280
910191038052077569
910238069244223488
910451192064614401
910574474956812289
910935192742842370
910953097316376576
910955895714123776
910961880700559360
911026776717103105
911670405483651072
911704954636824576
911712205657317376
912188711261036544
912214251749744641
912397778260840448
912428211253972997
912643743894949888
912723744195596289
912821640328773633
912888084739641344
913012097595867137
913063437118341121
913112779548176384
913139045009633280
913153226706472965
913178067195088902
913204200187863040
913276391470227456
913438297258708992
913513656511614977
913738686994501632
913756608974540800
913806353851969537
913812012400087040
913905079392047105
914224756555055104
914672240901287936
914680114595602432
914844848359985152
915131811310714880
915495031691235329
915529742002135041
915535227245776896
915561177966505984
915593286122950656
915603421222309888
915603564743073792
916466570318168064
916572694472155137
916986223478140928
917052938425716736
917054284579078144
917061971631108097
917079758076370946
917080429227778048
917105709682216960
917499339278254080
918068732882313216
918078962173075457
918095751158300672
918096410427486208
918248158253273089
918257100547014658
918517038053814277
918845060900380672
919103523458969600
919174352289005568
919294420465229824
919528265718665216
919610638351003649
919611818183503872
919614704967757825
919712337681985537
919728404907167744
919746182133399552
919751765871886336
919766847666274304
919827029243187200
919895715089932288
919919408797151233
919933275422027776
919943414766063617
919961378433224704
920179252292739072
920296060211400704
920416544319926272
921072406919352320
921102349552275456
921122924505026560
921266455856939008
921341244332113926
921445800072298496
921699631360176128
922085813818658816
922122902136172545
922305869466890240
922457591313137664
922496992542158848
922536592429993985
922601399271112704
922793297873010689
922899400032178176
922934157185110016
922944953696899072
922950403255341056
922959565792083968
923100909521068032
923929034374950914
923950718209359874
923955178688188416
923988304076464128
924109747627929600
924289234399322112
924387803168772097
924790802882146304
924811540154540032
924905228415193088
924921911510949890
924931173347971072
924939317381758976
924943312192073729
925210606361300992
925257914817892352
925333063336321024
925358435398488064
925429606693457921
925465361557975040
925720058432811008
925753092301295616
925890248541794304
926327076017147904
926892709188702208
926917502583562240
927168021512126464
927521858815131648
927522385305018368
927545172220694528
927632949742256133
927695512287043584
927729703523270657
927758071429939200
927766985911312384
927804835067396096
928074662826745856
928076971581378560
928096679089209344
928119470215847936
928123673919348741
928491239808233473
928519035205095424
928551731063148544
928568681545728000
928583361618169856
928619706227023872
928882270554877953
928900021390577664
928900503953588224
928909590627942400
928952366598037506
928967839649804289
928993443942105088
928994424285048833
928994737150767104
929252743130353664
929277302239666177
929323628226686976
929369497420685312
929640692216823811
929979846440247301
930049646444945408
930305225726054400
930445521671589888
930542567199997958
930646694097645568
930655746592821249
930711486019854336
931079635575586816
931216910477414400
931432910795653120
931775243361779712
931841011340296192
931989476401926144
932133115748696064
932454853443334144
932461262268661760
932590015711993858
932596112241786880
932616530176512002
932690981908074496
932881287005835264
932983511434137605
933464546110529538
933614181286318081
933625586442035205
933719239126642689
933792655041064962
934049646694998016
934407049034846208
934965196208173056
935268837662052353
935313787321585664
935334721793306624
935375132381519872
935382314166693889
935391382331588609
935397608851324931
935407791757389824
935417453286326277
935539265307660289
935690311879282688
935721877053505536
935750508421304321
935763163101966336
935764445632061440
935766219730415616
935929183758356480
936237563219718144
936286983726366720
936531630868529152
936534965277294597
936606274795462656
936830929384828928
936855089326604288
936972059766415360
936988511051292672
937797554313551873
937878737382772737
938446444700237824
938887720075702272
939854628749004801
939871571342249985
940225923332403204
940238958654574592
940273268677849088
940281474259062789
940349476509814789
940363500475465728
940565575226372102
940573035752386560
940637216757477377
940925261633196032
941194598453571586
941530453147836416
941641219024748544
941661763132579840
942758921533624320
943797632639610881
944057571853287424
945213000394465280
945777508007464961
946020250805514240
946052034461040640
946151169231114241
946177924222222336
946271534502395905
946987966475448325
947798399184785408
947806740518641664
947808691230822401
947833275673747457
948185680043155456
948407157803728896
948484381987037185
948486603227451392
948505461745168384
948508791448002560
948538940134477824
948573984802689025
948592886060380161
948721205443358720
948796201708675072
948800001890713600
948800260238815232
948884291743870976
948886764244033537
948989121611075584
948994988666425345
949010413437497347
949151246799142913
949166298210082816
949248780280516608
949260261575229441
949338992599883776
949353453851201537
949373845240143872
949550500269166593
949552218650365952
949613613874077704
949999091047477249
950088164777123841
950172807996026880
950179252325859328
950256330316615680
950310866641149952
950367246299394048
950566545595551745
950592034162774021
950631505486737408
950677684811640833
950680110948007937
950698684148142080
950713527123066881
950818741209747456
950852460532428800
950875222734929921
950925554487738369
951070518043729920
951169520584024064
951198867181236228
951353773321945088
951370648210767877
951371471217090560
951600654866317313
951687956045156352
951759870394585088
951768645478338560
951835055445413893
952018542475358209
952033538005716993
952055483354972160
952059671258447872
952061652182028289
952118349386850304
952138958368051200
952288702339997696
952289558770651136
952536637413584897
952549733930885120
952649290148704259
952704809529851906
952754172880863232
952868151414403072
952956945098473472
952979792495816704
952989314534617088
953168990901284865
953177789628407808
953202460994232320
953212881809518592
953220290657492992
953295637679951872
953311292475011072
953520796361744384
953648628647706624
953919004132986880
953922137156411392
953935668199215104
953991296196149248
954254379967660032
954338199610019841
954407598069084160
954719487458242560
954775347962241025
954792612103442432
954798702530412546
954866409300987904
954911597251657728
955111272852414464
955134939699310592
955145334002417666
955374632034594816
955380505121259520
955387095228567552
955409675251482624
955449894730334210
955489372547305472
955490542246334465
955539710214057984
955559981331419136
955738647663431681
955739643634421760
955740876436844544
955742558189162496
955766281730445313
955806828146827266
955807241533304833
955816204769390593
955838886860787712
955871714914766849
956067919263346688
956083408882536448
956101750120857601
956166896012939265
956201264915910656
956210090935312384
956220929067151360
956329812573945857
956368490293800960
956387965382610945
956413340225589248
956419595136585729
956438932681523200
956447631714279424
956464588559671297
956513066228834304
956627624150880257
956711426009202688
956876178509516800
956914853922459649
956932857389309953
957285309796044800
957301618868965376
957305309328039936
957307123943256064
957342329127473158
957544710825967616
957576777848717312
957621820626276353
957730126799802368
957917970390450177
957930793187397632
957965473316069376
958216984176427008
958376851084337153
958391208602193920
958555465675362304
958690487875055616
958848005502681088
959068004729475072
959172176346836993
959387876780785664
960182659325493248
960348165114273792
960667988255850496
960782723957870592
960911174505238534
960921688975331329
960991499604328448
961028171192852485
961254369663602688
961384199684001793
961453081543065600
961482044650930177
961643380684959749
961914631135617025
962342450219094016
962358038081523713
962370594363838464
962393573927870466
962542177514500096
962759977394991104
962803499766513664
962999495893176320
963803678573547520
964014223184375808
964120690952564737
964122358905823232
965199790966415360
965395788435046400
965524750264135680
965551093982769152
965598107676430336
965605976698126341
965645492616036357
965648872474398721
965652051077357569
965860574339923968
965898424523591681
965953143447212032
966072585061625856
966155045300588545
966320851678318593
966356829596016640
966362179913093121
966449125788090370
966450069024239616
966465261950906369
966639239407525888
966644863226732544
966649635170238465
966698278606856197
966704060270370817
966706278016999424
966707160049766400
966769885220163586
966989390873378816
967380419707535360
967489391517192192
967596306297483265
967763105525764097
967806729865060352
967827685333454849
968065709459750912
968152808062160896
968259732858376192
968417731090567168
968790557077262336
968863674306834432
968874912806068224
969256943926874112
969482754407661568
969977636670918656
970012076428193796
970475324591915008
970703075064385537
970747848747778048
970872683402539011
970932114597335040
971142879610580992
971295308981383168
971386931857772544
972048308909826048
972059634101047296
972395558735368192
972802761128579072
973099299910250497
973190028435353600
973668678867746816
973683665661198337
973959709605662721
973962375287246848
973995114065465345
974126323248586752
974310620169474048
974595772317659137
974764041968132096
974840717116956673
975332165528576000
975411428663345152
976030387188137984
976030855033319425
976037405776990208
976046458834116609
976076558824767489
976111765577637888
976453900567044096
976481160363692032
976509689000325120
977115036585021440
977185697940623360
977248381662892039
977294782048428032
977485288892059648
977899948724379649
978164814722846720
978263707544305664
978346602891902976
978443713629204480
978559522900910080
978735824383590400
978842874749046784
979067875213234176
979396065278427139
979424136656125952
979633616404844544
979726568175165440
979975965760720898
979999512998576129
981152225723604993
981162868749033472
981289690258071552
981305166392692736
981306180961275904
981529575271337984
981811338774183936
981841496902197248
981921278876684288
982113517636435969
982126921570893825
982165823350423552
983228203329208320
983710167400370177
983744396364480512
983954928610697216
983975898042064896
984045729260982272
984048304144166912
984081755006259201
984138305477505025
984343410269151233
984354039067529216
984477965856772096
984491425478971393
984517270725644288
984564165359611909
984799310717030402
984973285124222976
985113601743704064
985145363618246656
985197038014001152
985241133159796736
985306564868354049
985567499843489798
985698935074369536
985892254756884480
985916719981060097
985984041508720641
986144781721104384
986530301030682624
986841970411823104
986933673697120257
986982915262308353
987005505154535425
987343892633747456
987423120817643520
987586031829569536
987647086475673600
987647411144220672
987722164903251968
987928780621668352
987943018454962177
987987613830139904
988107827615952898
988323500330045442
988749833476325376
988840187785568257
989189175357276160
989520576460001280
989542585978052610
989808164907319296
990385513898094592
991032269405073408
991077450368061440
991723021709832193
991783836206936065
992126872036233224
992180383449014272
992184677086777345
992231007083421698
992252736560222210
992428512744222721
992484226795823105
992744250965221377
992783370114433024
992796128654524417
992831860215615489
992892560405250048
993018034288705536
993085432052273153
993438566914101248
993886363249455104
994075228354510848
994221853211267073
994824289349242881
994897053523341314
994905658540679168
995019257841889281
995256568429064192
995839519449640960
996477889779511296
996488939933401088
996559091932770305
996654282932932608
997052112126136320
997420355043102720
997483790145589248
997521947297710081
998345989382705152
998557475266859013
998567520113225733
998772384076320768
998825906733920257
998840776758120448
999117713749495808
999158779580121089
999404160775872512
999525846539882498
999634090503569409
1000042512319483904
1000115343019343872
1000336365224112128
1000392026742034432
1000411846237675521
1000414273863069696
1000415386104459264
1000416714763505664
1000477141224558594
1000752833484881921
1000762573766184961
1000764381108555776
1001002093895921665
1001352081465212928
1001456003551031296
1001548678748954624
1001557802375110657
1001647246063161350
1001659726067830785
1001848606427697153
1002130830792241153
1002274254954647552
1002283218085863430
1002347419114311681
1003312973887270917
1003317489990848512
1003350897521459202
1003359993201025024
1003367321245798400
1003369104735113216
1003379549600731139
1003387066909167617
1003393307597312000
1003471542783823872
1003531171559628800
1003538396285947905
1003544511115603973
1003603539539742720
1003619399306305538
1003657726029975553
1003659615115141120
1003697920015851520
1003736255149027328
1003856366128259073
1003953189820010496
1003966949058056192
1004612435792232448
1004628011856089090
1004723222363955200
1004794708802048002
1005061843843289088
1005217349610426371
1005218072913989633
1005457960703754240
1005463006455754752
1005827335977885696
1006061673487138817
1006110887999045632
1006187748338864128
1006198330727247872
1006207380676280320
1006233702052057088
1006258184636510210
1006321460951027717
1006391548668514309
1006399568249008128
1006422910762995712
1006422931839299584
1006427045709180929
1006459221448318981
1006463635693203456
1006483455209766912
1006487935733174274
1006535367464509440
1006582449827209216
1006630570447777793
1006670876169949190
1006674770983817217
1006709802775412736
1006781895278055424
1006804114234322945
1007124572649517061
1007556136696872960
1007699633349582849
1007719195323269122
1008223489369796609
1008226683005087744
1008363588552151040
1008430016873394176
1008458331160182784
1008536493269237760
1008697922366689285
1008771230261039104
1008938317684060160
1008975928465248256
1008978373484400640
1008995195113918464
1009061662731767808
1009095412505022464
1009151178951856128
1009284771766140929
1009346793090506752
1009539540728639490
1009549219240308737
1009553393331986433
1009845429939458049
1009979592965144581
1009997647032344576
1010032194918551552
1010058406223400966
1010157701769281538
1010839256451805185
1011026406564823042
1011136465097711616
1011820273774006272
1012224879310057472
1012308763422937089
1012441483654332417
1013800752567996416
1014543719205400576
1014570924681687042
1014578901966876672
1014607937048850434
1014627656082579457
1014948759934066688
1015491573092528128
1015939762513956864
1016140956322713601
1016293496980955136
1016375311733284864
1016477854391992320
1016527492478328832
1016827484665499650
1016832637904695296
1016850546236542983
1016877186031214594
1016913242839367680
1016952321333497856
1017282491193782272
1017566472292495360
1017675550318612480
1018620410819219456
1018785093295464448
1018804138195513344
1018807229267496962
1018819644377923585
1018847155090542593
1018962868379750402
1019003195874512897
1019014466770333697
1019231079817973760
1019348620489969664
1019582623679696898
1019698120098222080
1019780373012668416
1020278662699134976
1021061872274018305
1021604631217164289
1021652512343031808
1021683870188503041
1021764160093401089
1021786238024527873
1021861878115516418
1022042464071372801
1022049211108483072
1022084644039258112
1022100736476360704
1022188431483387905
1022188766964998144
1022200671666401281
1022207950511923200
1022487954869112832
1022577266117824514
1023560708376748032
1023767948165562368
1023870080612888576
1023931290045829121
1024052229152669696
1024201138277638144
1024388985282383872
1024752032350195712
1024774127687749633
1024894521568448513
1024937575906271233
1025467650649014283
1025523844994412544
1025538626191380480
1025638750783778816
1025792018793021440
1026228357996969984
1026272267364253698
1026286692037222401
1026301775203037184
1026494793466048518
1026532564843094016
1026541253037453312
1026546271392165888
1026556162186117121
1026649986782650369
1026678249978585088
1026720073308925953
1026820332710252544
1027038929319411712
1027057881365901312
1027179632922046467
1027253242261069824
1027292918111825921
1027294707855048705
1027386544536150016
1027575306226475008
1027585082050207745
1027725663703363584
1027818664391847936
1027909740905553920
1027967787312939008
1028077071480832000
1028077400779841537
1028122158990381056
1028684190169149440
1028763648074940416
1028764502517592065
1028815266174517249
1028873828355780608
1028993321757077505
1029034881769197569
1029100538422587393
1029396532313968640
1029397392343425024
1029408763877498885
1029408838305361921
1029460207754272771
1029525697382047746
1029541696839798791
1029566349918527488
1029734360872771584
1029769212384948225
1030184521969410055
1030587514820669441
1030625730407874563
1030896472881917952
1031076096287105024
1031145618503360513
1031211148908081152
1031309689848508416
1031392016255647744
1031705611933831168
1031843897373278208
1032014514642870273
1032695855143370753
1032716444352565254
1032730617966985222
1032743287877251074
1032755601561059328
1032777059473358848
1032803632398229504
1032806227296890880
1032811146875727872
1032843605826621440
1032864439245000704
1032899444918898688
1032956238051659778
1032982302542966789
1033036271491461120
1033108055162941440
1033200303871545344
1033464814872473600
1033470726521544704
1033518891744411648
1034302397882015745
1034317413309919232
1034572709651533825
1034597062573211651
1034792477096652801
1034815239219539970
1034844224292831232
1034867901902319618
1034875857125425152
1034886406957662208
1034922534326738944
1035170375703961601
1035201829989056512
1035225135622615040
1035345459290746880
1035480584934514690
1035527464511053825
1035555438882897926
1035595539918848000
1035614467998998530
1035669454246563841
1035948096843395073
1036020306895413248
1036192189947281408
1036653090664075265
1036699556560470016
1036704309923246081
1036716876020285440
1036935289485316096
1036976718718881793
1037072521940623360
1037295289206546433
1037346167451992064
1037351232451608577
1037351271697657857
1037363401314455553
1037367364231344128
1037404586812821505
1037450313920393218
1037475943969898497
1037535909296709632
1037619174145712128
1037727143038517248
1037749001658032128
1037871134488707072
1037879643695529985
1037893136482103296
1037997508973060096
1038002421543391232
1038016191711928321
1038090181595877376
1038359113791680512
1038395251214495744
1038467054960095234
1038555106885681153
1039228208804233216
1039508390869786629
1039553624345661440
1039555557609201664
1039619721644191744
1039643454140231684
1039755728448352257
1039888860501688320
1039968877537456128
1040717985516859392
1040961500553388033
1041024410340274176
1041319973430255616
1041361257410904064
1041460734738063360
1041507023660081152
1041679427464298496
1041726034662633472
1041752836835614720
1041944531015483392
1042035586717110280
1042049144620285953
1042065710745309186
1042371802121596928
1042391419745435648
1042410099652919297
1042440160749780992
1042485319055155201
1042831980822454273
1042832069506871296
1042864703981084672
1042868533963776005
1043053295298899968
1043072721595375616
1043080309376466944
1043100641466490881
1043145723687129090
1043179210905464832
1043255346553389058
1043269235474984960
1043534562775781377
1043962055068389376
1044155993779851264
1044637096198041600
1044757925414273025
1044770473932816384
1045002319061012482
1045014122092482560
1045027654121000962
1045031106968465408
1045065376575475712
1045126070540865541
1045400324041846785
1045433166067105792
1045715327869423616
1046442894146641920
1046763431649574912
1047054739547013120
1047068713986547712
1047079117244399617
1047083573738500096
1047092868198928384
1047112720837951488
1047160746386382848
1047259835777990656
1047282657053298690
1047367778901090304
1047526401644138497
1047617270736936962
1048194085624995840
1048216558785449986
1048603963069779968
1049061003617607680
1049351090909667329
1049670308142206978
1049725086469685248
1049900608294137856
1049943076859461632
1049947970664304640
1049984041888505856
1049990926406492160
1050012662120235008
1050075728891535361
1050076017593745408
1050077658590134272
1050079983765311488
1050084326279405570
1050092626786037760
1050114319227195392
1050145290718564352
1050165943790460929
1050209065153036288
1050210928594173952
1050426066303668224
1050435927066198018
1050446607055896576
1050667252591120384
1050781684117987329
1051063984038776837
1051200746312663040
1051411411061153792
1051696567651106816
1051774073523634182
1051874637942947840
1051891605035241474
1052071039923044352
1052108114831560705
1052145118726238209
1052172666789072896
1052182549513035776
1052284815779622917
1052331593933688832
1052350536111013888
1052444245674651651
1052456725465522176
1052528388341149696
1052565742183272454
1052665207342944261
1052712831517450241
1052814538419003392
1052930779947393024
1052972300667146241
1052977443760427009
1053005694822207488
1053014697077817346
1053091674438725632
1053196089317306368
1053202790879821825
1053211878921568256
1053220103070932992
1053220243701710848
1053286918086103042
1053387563627696128
1053451825607774209
1053687780268740609
1053915265375834112
1054153981998575616
1054369632671404032
1054403005032947712
1054497487657021440
1054831014869123073
1054887299698380800
1055172080499515392
1055204302220943368
1055927061867585536
1056610127975997440
1056817013371355136
1056877276875374593
1057165607152562176
1057180425263767552
1057289433236545538
1057298961642471425
1057306605287550976
1057351782484115458
1057548272053698560
1060159476664356864
1060177367417655297
1060184735106781189
1060185768549908480
1060186673835900928
1060281450493136896
1060341719915470848
1060518882832658433
1060529365962948608
1060908480901640192
1060932314279170048
1060963338337902593
1061144302435201024
1061409798053224448
1061535382406348800
1061557072670670850
1061559942140780544
1061598368164528128
1061608272992432128
1061625768696930304
1061636504965939200
1061782167494320130
1061999891080232961
1062157078439968770
1062219458046058496
1062308914354642944
1062323949680373760
1062500554134310912
1063070010954932224
1063412203389370368
1063455159370637313
1063463128409800704
1063508201319079936
1063552348386140165
1063581849367146497